heap: 		 	06393541800	06174670400	05669380500  ?????
heap0nInter:		00012770600	00012770600	00012770600
selection:			02637631000	02762418800	02884639500
bubble: 			13454332600	12984485000	13745431000
quick: 		    	00018740800	00019035800 	00017603900
insertion: 	 	03931020700	04025628800	03988599100
counting: 	      	00003987700	00003903800	00004241300
shell:			00012505700	00011606000	00012713700
merge:			01648330100	01653398500	01673209700
mergestack:		00047325200	00048557700	00046919500


100000

100까지